SIZES
  narena                14680064
  nbuffer               303200
  nplugin               0
  maxuse_stack          7560
  maxuse_arena          35336
  maxuse_con            10
  maxuse_efc            44
  solver_nisland        1
  ne                    1
  nf                    0
  nl                    1
  nefc                  2
  nnzJ                  30
  ncon                  0
  nisland               0
  threadpool            0

TIMER
    0:  duration =  0.069      number = 1
    1:  duration =  0.065      number = 1
    2:  duration =  0          number = 0
    3:  duration =  0.051      number = 1
    4:  duration =  0.003      number = 1
    5:  duration =  0.0008     number = 1
    6:  duration =  0.0073     number = 1
    7:  duration =  0.0036     number = 1
    8:  duration =  0.017      number = 1
    9:  duration =  0.0014     number = 1
    10:  duration =  0.028      number = 1
    11:  duration =  0.0044     number = 1
    12:  duration =  0.00012    number = 1
    13:  duration =  0.0072     number = 1
    14:  duration =  0.013      number = 1

SOLVER STAT
  solver_nisland = 1
  solver_fwdinv =   0         0       
  ISLAND 0
    solver_niter = 1
    solver_nnz = 225
      0:  improvement =  8.9e-06     gradient =  4e-18       lineslope =  0       
          nactive = 2   nchange = 0   neval = 2   nupdate = 0

ENERGY =   0         0       

TIME =  89      

QPOS
  -0.17    
   0.071   
   0.12    
  -1.4     
  -0.2     
   1.7     
   0.044   
   0.04    
   0.04    
   0.064   
  -0.67    
  -0.00037 
   0.87    
  -0.47    
   0.14    
  -0.043   

QVEL
   5.7e-05 
   0.00036 
   6.7e-05 
  -0.0074  
   0.011   
  -9e-05   
  -4.3e-07 
  -1.1e-05 
  -2.2e-05 
  -1.6e-17 
  -1.5e-16 
  -1.8e-18 
   5.2e-18 
  -1.6e-17 
  -8e-18   

QACC_WARMSTART
   0.0073  
   0.076   
   0.019   
   0.2     
  -0.44    
  -0.078   
   0.0011  
  -0.0049  
   0.0077  
   1.6e-17 
   1.5e-16 
   5e-16   
  -9.1e-15 
   1.6e-16 
   8.2e-17 

CTRL
  -0.17    
   0.064   
   0.12    
  -1.4     
  -0.2     
   1.7     
   0.044   
   2.6e+02 

QFRC_APPLIED
   0       
   0       
   0       
   0       
   0       
   0       
   0       
   0       
   0       
   0       
   0       
   0       
   0       
   0       
   0       

XFRC_APPLIED
   0         0         0         0         0         0       
   0         0         0         0         0         0       
   0         0         0         0         0         0       
   0         0         0         0         0         0       
   0         0         0         0         0         0       
   0         0         0         0         0         0       
   0         0         0         0         0         0       
   0         0         0         0         0         0       
   0         0         0         0         0         0       
   0         0         0         0         0         0       
   0         0         0         0         0         0       
   0         0         0         0         0         0       
   0         0         0         0         0         0       
   0         0         0         0         0         0       

EQ_ACTIVE             1

QACC
   0.0073  
   0.076   
   0.019   
   0.2     
  -0.44    
  -0.078   
   0.0011  
  -0.0049  
   0.0077  
   1.6e-17 
   1.5e-16 
   5e-16   
  -9.1e-15 
   1.6e-16 
   8.2e-17 

XPOS
   0         0         0       
   0         0         0       
   0         0         0       
   0         0         0.33    
   0         0         0.33    
   0.022    -0.0037    0.65    
   0.1      -0.0076    0.64    
   0.48     -0.027     0.75    
   0.48     -0.027     0.75    
   0.57     -0.029     0.77    
   0.59     -0.05      0.66    
   0.62     -0.092     0.62    
   0.57     -0.033     0.59    
   0.56     -0.67      0.4     

XQUAT
   1         0         0         0       
   1         0         0         0       
   1         0         0         0       
   1         0         0        -0.084   
   0.71     -0.7       0.084    -0.034   
   1         0.0051    0.035    -0.024   
   0.5       0.53      0.47     -0.49    
   0.72     -0.05      0.68     -0.089   
   0.77      0.63     -0.079     0.049   
   0.098     0.99     -0.043     0.092   
   0.13      0.93      0.34      0.048   
   0.13      0.93      0.34      0.048   
  -0.048     0.34     -0.93      0.13    
   0.87     -0.47      0.14     -0.043   

XMAT
   1         0         0         0         1         0         0         0         1       
   1         0         0         0         1         0         0         0         1       
   1         0         0         0         1         0         0         0         1       
   0.99      0.17      0        -0.17      0.99     -0        -0         0         1       
   0.98     -0.07      0.17     -0.17      0.012     0.99     -0.071    -1        -1.1e-16 
   1         0.048     0.07     -0.047     1        -0.012    -0.071     0.0085    1       
   0.064     1        -0.048     0.0054   -0.048    -1        -1         0.063    -0.0085  
   0.052     0.06      1        -0.2       0.98     -0.048    -0.98     -0.19      0.063   
   0.98     -0.17     -0.06     -0.024     0.2      -0.98      0.18      0.96      0.19    
   0.98     -0.1       0.17     -0.067    -0.98     -0.2       0.19      0.19     -0.96    
   0.77      0.62      0.17      0.64     -0.74     -0.2       0.0042    0.27     -0.96    
   0.77      0.62      0.17      0.64     -0.74     -0.2       0.0042    0.27     -0.96    
  -0.77     -0.62      0.17     -0.64      0.74     -0.2      -0.0042   -0.27     -0.96    
   0.96     -0.055     0.28     -0.21      0.56      0.8      -0.2      -0.83      0.52    

XIPOS
   0         0         0       
   0         0         0       
  -0.041    -0.00014   0.05    
   0.0042    0.0014    0.29    
  -0.00049   0.0036    0.36    
   0.047     0.035     0.58    
   0.2      -0.04      0.7     
   0.45      0.018     0.75    
   0.54     -0.021     0.74    
   0.59     -0.038     0.71    
   0.58     -0.063     0.63    
   0.62     -0.092     0.62    
   0.57     -0.033     0.59    
   0.56     -0.67      0.4     

XIMAT
   1         0         0         0         1         0         0         0         1       
   1         0         0         0         1         0         0         0         1       
   0.13      0.0028    0.99      0.019    -1         0.00032   0.99      0.019    -0.13    
   0.18     -0.98     -0.014     0.98      0.18     -0.025     0.028    -0.0094    1       
   0.59     -0.032     0.81      0.73     -0.41     -0.55      0.35      0.91     -0.21    
  -0.1      -0.91      0.4       0.94      0.046     0.34     -0.33      0.41      0.85    
   0.59     -0.21     -0.78     -0.72     -0.58     -0.38     -0.38      0.78     -0.5     
  -0.11      0.028     0.99     -0.45      0.89     -0.073    -0.88     -0.46     -0.081   
  -0.36      0.036     0.93     -0.88     -0.36     -0.33      0.32     -0.93      0.16    
   0.95     -0.036     0.31      0.077    -0.93     -0.35      0.3       0.35     -0.89    
   0.77      0.62      0.17      0.64     -0.74     -0.2       0.0042    0.27     -0.96    
   0.77      0.62      0.17      0.64     -0.74     -0.2       0.0042    0.27     -0.96    
  -0.77     -0.62      0.17     -0.64      0.74     -0.2      -0.0042   -0.27     -0.96    
   0.96     -0.055     0.28     -0.21      0.56      0.8      -0.2      -0.83      0.52    

XANCHOR
   0         0         0.33    
   0         0         0.33    
   0.022    -0.0037    0.65    
   0.1      -0.0076    0.64    
   0.48     -0.027     0.75    
   0.48     -0.027     0.75    
   0.57     -0.029     0.77    
   0.6      -0.062     0.61    
   0.6      -0.062     0.61    
   0.5       0         0.4     
   0.56      0         0.4     
   0.56     -0.67      0.4     
   0.56     -0.67      0.4     

XAXIS
   0         0         1       
   0.17      0.99      2.2e-16 
   0.07     -0.012     1       
  -0.048    -1        -0.0085  
   1        -0.048     0.063   
  -0.06     -0.98      0.19    
   0.17     -0.2      -0.96    
   0.62     -0.74      0.27    
  -0.62      0.74     -0.27    
   1         0         0       
   0         1         0       
   0         0         1       
   0         0         1       

GEOM_XPOS
   0         0         0       
  -0.024     0.069     0.037   
  -0.025     0.073     0.037   
  -0.024    -0.065     0.063   
  -0.025    -0.073     0.063   
  -0.065    -0.066     0.048   
  -0.06      0.058     0.037   
   0.011    -0.072     0.046   
  -0.03     -3.4e-05   0.053   
  -0.025    -0.073     0.033   
  -0.024    -0.065     0.033   
   0.011     0.072     0.046   
  -0.029    -0.00088   0.057   
  -0.0054   -0.032     0.27    
  -0.0052   -0.031     0.26    
   0.01      0.031     0.4     
   0.01      0.03      0.4     
   0.062     0.019     0.61    
   0.042    -0.016     0.64    
   0.074    -0.017     0.58    
   0.1       0.072     0.64    
   0.065     0.02      0.61    
   0.16      0.00064   0.67    
   0.14     -0.034     0.69    
   0.1      -0.087     0.65    
   0.11      0.0027    0.7     
   0.14     -0.034     0.68    
   0.46      0.069     0.73    
   0.38      0.082     0.73    
   0.37      0.022     0.73    
   0.27      0.0028    0.73    
   0.37      0.058     0.73    
   0.48      0.041     0.74    
   0.51     -0.025     0.74    
   0.48     -0.078     0.76    
   0.57     -0.015     0.83    
   0.56     -0.0027    0.84    
   0.57     -0.014     0.84    
   0.55     -0.024     0.84    
   0.54     -0.013     0.84    
   0.53     -0.012     0.84    
   0.58     -0.015     0.84    
   0.48     -0.078     0.76    
   0.56     -0.014     0.84    
   0.56     -0.013     0.84    
   0.56      0.011     0.83    
   0.55     -0.038     0.84    
   0.49     -0.07      0.76    
   0.56     -0.014     0.84    
   0.54     -0.036     0.76    
   0.53     -0.033     0.77    
   0.62     -0.089     0.7     
   0.64     -0.067     0.7     
   0.56     -0.013     0.67    
   0.55     -0.0074    0.67    
   0.55     -0.0066    0.67    
   0.59     -0.11      0.7     
   0.62     -0.085     0.72    
   0.58     -0.044     0.69    
   0.59     -0.056     0.69    
   0.59     -0.054     0.64    
   0.53      0.022     0.64    
   0.54      0.0026    0.66    
   0.59     -0.059     0.63    
   0.59     -0.051     0.66    
   0.59     -0.055     0.64    
   0.63     -0.11      0.6     
   0.63     -0.1       0.57    
   0.63     -0.11      0.6     
   0.63     -0.1       0.57    
   0.64     -0.1       0.57    
   0.63     -0.11      0.57    
   0.63     -0.097     0.58    
   0.63     -0.1       0.58    
   0.57     -0.024     0.57    
   0.58     -0.038     0.55    
   0.57     -0.024     0.57    
   0.58     -0.037     0.55    
   0.58     -0.045     0.55    
   0.58     -0.038     0.55    
   0.57     -0.043     0.56    
   0.58     -0.035     0.56    
   0.56     -0.67      0.4     

GEOM_XMAT
   1         0         0         0         1         0         0         0         1       
  -0.16     -0.63      0.76      0.99     -0.1       0.12      0.0009    0.77      0.64    
  -0.084     0.71      0.7       0.99      0.013     0.11      0.066     0.71     -0.7     
   0.99     -0.0056   -0.17     -0.17      0.0013   -0.99      0.0057    1         0.0004  
   0.28     -0.61      0.74      0.96      0.24     -0.16     -0.085     0.76      0.65    
   0.16     -0.99      0.032     0.99      0.16      0.0071   -0.012     0.03      1       
  -0.16      0.18      0.97      0.99      0.029     0.16      0         0.98     -0.18    
   0.16     -0.98     -0.12      0.99      0.16      0.022    -0.0026   -0.12      0.99    
  -0.42      0.0024    0.91     -0.0015   -1         0.0019    0.91     -0.00057   0.42    
   0.014    -0.99     -0.14     -0.0066    0.14     -0.99      1         0.015    -0.0045  
   0.99     -0.0078   -0.15     -0.15      0.027    -0.99      0.012     1         0.025   
  -0.16     -0.98     -0.12      0.99     -0.16     -0.022     0.0025   -0.12      0.99    
  -0.36      0.0082    0.93      0.022    -1         0.017     0.93      0.027     0.36    
   0.99      0.15     -0.062    -0.17      0.91     -0.37     -0.00014   0.37      0.93    
   0.99      0.16     -0.057    -0.17      0.93     -0.34      0.00032   0.34      0.94    
   0.98      0.18      0.0035   -0.17      0.91     -0.38     -0.071     0.37      0.93    
   0.98      0.18      0.0095   -0.17      0.92     -0.35     -0.071     0.34      0.94    
  -0.67      0.13      0.73      0.2      -0.91      0.35      0.71      0.39      0.58    
   0.077    -1         0.015    -0.5      -0.051    -0.87      0.86      0.059    -0.5     
  -0.67     -0.74      0.077     0.74     -0.67     -0.017     0.064     0.046     1       
  -0.021    -0.56      0.83      1         0.021     0.04     -0.04      0.83      0.56    
  -0.69      0.043     0.72      0.3      -0.89      0.34      0.66      0.45      0.6     
  -0.087    -0.013    -1        -0.71      0.7       0.054     0.69      0.72     -0.07    
   0.64      0.46     -0.62      0.3      -0.89     -0.35     -0.71      0.044    -0.7     
   0.0007   -0.83     -0.56     -1         0.033    -0.05      0.06      0.56     -0.82    
   0.84     -0.048    -0.53     -0.53      0.092    -0.84      0.089     0.99      0.052   
   0.61      0.47     -0.63      0.33     -0.88     -0.34     -0.72     -0.001    -0.7     
   0.01     -0.05      1         0.98      0.2       0.00012  -0.2       0.98      0.051   
  -0.12      0.065     0.99      0.99      0.092     0.11     -0.084     0.99     -0.076   
   0.052    -0.22      0.98     -0.2       0.96      0.22     -0.98     -0.2       0.0078  
   0.74     -0.15     -0.66     -0.58      0.36     -0.73      0.34      0.92      0.18    
  -0.19     -0.049     0.98      0.96      0.2       0.19     -0.21      0.98      0.0092  
   0.058     0.94      0.33     -0.19      0.33     -0.92     -0.98     -0.0091    0.2     
  -0.11     -0.33      0.94     -0.97     -0.17     -0.17      0.22     -0.93     -0.3     
  -0.16     -0.99     -0.029    -0.97      0.16     -0.17      0.17      0.0009   -0.98    
   0.051    -0.21      0.98      0.18     -0.96     -0.22      0.98      0.19     -0.011   
   0.98     -0.17     -0.06     -0.024     0.2      -0.98      0.18      0.96      0.19    
  -0.17     -0.06      0.98      0.2      -0.98     -0.024     0.96      0.19      0.18    
   0.98     -0.17     -0.06     -0.024     0.2      -0.98      0.18      0.96      0.19    
  -0.17     -0.06      0.98      0.2      -0.98     -0.024     0.96      0.19      0.18    
   0.98     -0.17     -0.06     -0.024     0.2      -0.98      0.18      0.96      0.19    
   0.98     -0.17     -0.06     -0.024     0.2      -0.98      0.18      0.96      0.19    
  -0.16      0.16      0.97     -0.97     -0.2      -0.13      0.17     -0.97      0.19    
   0.043    -0.03      1         0.19     -0.98     -0.038     0.98      0.19     -0.037   
  -0.00082  -1        -0.06      0.19      0.058    -0.98      0.98     -0.012     0.19    
   0.98     -0.17     -0.06     -0.024     0.2      -0.98      0.18      0.96      0.19    
   0.98     -0.17     -0.06     -0.024     0.2      -0.98      0.18      0.96      0.19    
  -0.16      0.19      0.97     -0.97     -0.2      -0.12      0.18     -0.96      0.21    
   0.045    -0.085     1         0.19     -0.98     -0.092     0.98      0.19     -0.027   
   0.18      0.16      0.97     -0.94     -0.25      0.22      0.28     -0.95      0.11    
   0.08      0.3       0.95     -0.97     -0.19      0.14      0.22     -0.93      0.27    
   0.037    -0.65      0.76     -0.038     0.76      0.65     -1        -0.053     0.0033  
   0.81      0.044    -0.58      0.58     -0.013     0.81      0.029    -1        -0.036   
   0.075    -0.78     -0.62     -0.26     -0.62      0.74     -0.96      0.11     -0.25    
   0.62     -0.77      0.17     -0.74     -0.64     -0.2       0.27     -0.0041   -0.96    
   0.62     -0.77      0.17     -0.74     -0.64     -0.2       0.27     -0.0041   -0.96    
  -0.71      0.01      0.7      -0.7      -0.04     -0.71      0.021    -1         0.036   
  -0.0029   -0.64      0.77      0.012     0.76      0.64     -1         0.011     0.0052  
   0.17      0.1       0.98     -0.2       0.98     -0.065    -0.96     -0.18      0.19    
   0.14     -0.77     -0.63     -0.16     -0.64      0.75     -0.98     -0.0045   -0.21    
   0.17     -0.77     -0.62     -0.2      -0.64      0.74     -0.96     -0.0042   -0.27    
   0.76      0.64     -0.056     0.65     -0.76      0.073     0.004    -0.092    -1       
   0.67      0.4      -0.62      0.67      0.0078    0.74      0.3      -0.91     -0.27    
   0.77      0.18     -0.62      0.64     -0.21      0.74      0.0042   -0.96     -0.28    
   0.17     -0.57      0.81     -0.2       0.78      0.59     -0.96     -0.26      0.022   
   0.77      0.16     -0.62      0.64     -0.18      0.74      0.0037   -0.97     -0.24    
   0.63     -0.77      0.13     -0.75     -0.64     -0.14      0.19     -0.0046   -0.98    
   0.62     -0.028     0.78     -0.74     -0.36      0.57      0.27     -0.93     -0.25    
   0.63     -0.77      0.13     -0.75     -0.64     -0.14      0.19     -0.0046   -0.98    
   0.77      0.62      0.17      0.64     -0.74     -0.2       0.0042    0.27     -0.96    
   0.77      0.62      0.17      0.64     -0.74     -0.2       0.0042    0.27     -0.96    
   0.77      0.62      0.17      0.64     -0.74     -0.2       0.0042    0.27     -0.96    
   0.77      0.62      0.17      0.64     -0.74     -0.2       0.0042    0.27     -0.96    
   0.77      0.62      0.17      0.64     -0.74     -0.2       0.0042    0.27     -0.96    
  -0.6       0.77      0.22      0.72      0.64     -0.26     -0.34      0.0041   -0.94    
  -0.62      0.36     -0.69      0.74     -0.026    -0.67     -0.26     -0.93     -0.25    
  -0.6       0.77      0.22      0.72      0.64     -0.26     -0.34      0.0041   -0.94    
  -0.77     -0.62      0.17     -0.64      0.74     -0.2      -0.0042   -0.27     -0.96    
  -0.77     -0.62      0.17     -0.64      0.74     -0.2      -0.0042   -0.27     -0.96    
  -0.77     -0.62      0.17     -0.64      0.74     -0.2      -0.0042   -0.27     -0.96    
  -0.77     -0.62      0.17     -0.64      0.74     -0.2      -0.0042   -0.27     -0.96    
  -0.77     -0.62      0.17     -0.64      0.74     -0.2      -0.0042   -0.27     -0.96    
   0.96     -0.055     0.28     -0.21      0.56      0.8      -0.2      -0.83      0.52    

LIGHT_XPOS
   0         0         1.5     
   0.16     -0.048     1.9     

LIGHT_XDIR
   0         0        -1       
   0         0        -1       

SUBTREE_COM
   0.2      -0.042     0.52    
   0.2      -0.042     0.52    
   0.18     -0.0064    0.53    
   0.19     -0.0066    0.55    
   0.27     -0.0099    0.66    
   0.29     -0.011     0.67    
   0.38     -0.029     0.71    
   0.53     -0.02      0.72    
   0.56     -0.035     0.71    
   0.59     -0.05      0.67    
   0.59     -0.063     0.63    
   0.62     -0.092     0.62    
   0.57     -0.033     0.59    
   0.56     -0.67      0.4     

CDOF
   0         0         1         0.042     0.2      -0       
   0.17      0.99      2.2e-16   0.19     -0.031    -0.21    
   0.07     -0.012     1         0.04      0.19     -0.00053 
  -0.048    -1        -0.0085    0.12     -0.0066    0.1     
   1        -0.048     0.063     0.012     0.21     -0.029   
  -0.06     -0.98      0.19      0.23     -0.067    -0.27    
   0.17     -0.2      -0.96      0.036     0.39     -0.076   
   0         0         0         0.62     -0.74      0.27    
   0         0         0        -0.62      0.74     -0.27    
   0         0         0         1         0         0       
   0         0         0         0         1         0       
   0         0         0         0         0         1       
   0.96     -0.21     -0.2       0.1      -0.045     0.52    
  -0.055     0.56     -0.83      0.58      0.3       0.17    
   0.28      0.8       0.52     -0.23     -0.22      0.46    

CINERT
   0         0         0         0         0         0         0         0         0         0       
   0         0         0         0         0         0        -0         0        -0         0       
   0.14      0.18      0.043     0.0065   -0.073     0.012    -0.15      0.026    -0.3       0.63    
   0.99      1.2       0.22      0.044    -0.23      0.069    -1         0.22     -1.2       5       
   0.03      0.066     0.056     0.019    -0.016     0.0024   -0.13      0.03     -0.1       0.65    
   0.065     0.13      0.11      0.034     0.016    -0.026    -0.51      0.25      0.19      3.2     
   0.14      0.14      0.025    -0.0081   -0.0079   -0.0025   -0.0023    0.0059    0.64      3.6     
   0.077     0.17      0.11     -0.016    -0.065    -0.014     0.3       0.073     0.28      1.2     
   0.085     0.28      0.2      -0.011    -0.13     -0.0082    0.57      0.036     0.37      1.7     
   0.037     0.14      0.12     -0.00045  -0.05     -0.0023    0.28      0.0032    0.14      0.74    
   0.011     0.12      0.11      0.005    -0.031     0.0015    0.28     -0.015     0.081     0.73    
   0.00017   0.0028    0.0027    0.00031  -0.00059   7e-05     0.0063   -0.00074   0.0014    0.015   
   8.3e-05   0.0021    0.002    -5.3e-05  -0.0004   -1.1e-05   0.0055    0.00014   0.0011    0.015   
   0.5       0.24      0.62      0.22      0.044    -0.076     0.36     -0.62     -0.12      1       

TEN_LENGTH
   0.04    

TEN_MOMENT
   0         0         0         0         0         0         0         0.5       0.5       0         0         0         0         0         0       

TENDON 0: 0 wrap points

ACTUATOR_LENGTH
  -0.17    
   0.071   
   0.12    
  -1.4     
  -0.2     
   1.7     
   0.044   
   0.04    

ACTUATOR_MOMENT
   1         0         0         0         0         0         0         0         0         0         0         0         0         0         0       
   0         1         0         0         0         0         0         0         0         0         0         0         0         0         0       
   0         0         1         0         0         0         0         0         0         0         0         0         0         0         0       
   0         0         0         1         0         0         0         0         0         0         0         0         0         0         0       
   0         0         0         0         1         0         0         0         0         0         0         0         0         0         0       
   0         0         0         0         0         1         0         0         0         0         0         0         0         0         0       
   0         0         0         0         0         0         1         0         0         0         0         0         0         0         0       
   0         0         0         0         0         0         0         0.5       0.5       0         0         0         0         0         0       

CRB
   0         0         0         0         0         0         0         0         0         0       
   2.1       2.7       1.6       0.3      -0.54     -0.044     0        -1.1e-16   3.9e-16   18      
   1.6       2.4       0.99      0.073    -0.58      0.033    -0.36      0.62      0.12      17      
   1.4       2.2       0.95      0.066    -0.51      0.02     -0.2       0.6       0.42      17      
   0.44      1         0.73      0.022    -0.28     -0.049     0.79      0.38      1.6       12      
   0.41      0.98      0.67      0.0039   -0.27     -0.051     0.92      0.35      1.7       11      
   0.35      0.86      0.56     -0.03     -0.28     -0.025     1.4       0.1       1.5       8       
   0.21      0.71      0.54     -0.022    -0.27     -0.023     1.4       0.097     0.87      4.4     
   0.13      0.54      0.43     -0.006    -0.21     -0.0089    1.1       0.023     0.59      3.2     
   0.048     0.27      0.23      0.0048   -0.082    -0.00068   0.57     -0.013     0.22      1.5     
   0.011     0.12      0.11      0.0053   -0.032     0.0016    0.29     -0.016     0.083     0.76    
   0.00017   0.0028    0.0027    0.00031  -0.00059   7e-05     0.0063   -0.00074   0.0014    0.015   
   8.3e-05   0.0021    0.002    -5.3e-05  -0.0004   -1.1e-05   0.0055    0.00014   0.0011    0.015   
   0.5       0.24      0.62      0.22      0.044    -0.076     0.36     -0.62     -0.12      1       

QM
   1.6      -0.16      1.4      -0.0098    0.089     0.036    -0.0083   -0.006     0.006     0         0         0         0         0         0       
  -0.16      3        -0.17     -1.4      -0.016    -0.12     -0.00084   0.00061  -0.00061   0         0         0         0         0         0       
   1.4      -0.17      1.4       0.0024    0.088     0.035    -0.0082   -0.0058    0.0058    0         0         0         0         0         0       
  -0.0098   -1.4       0.0024    1.1       0.0085    0.14      0.00042   0.0024   -0.0024    0         0         0         0         0         0       
   0.089    -0.016     0.088     0.0085    0.14      8.8e-06  -4.9e-05  -0.0017    0.0017    0         0         0         0         0         0       
   0.036    -0.12      0.035     0.14      8.8e-06   0.15     -0.0013    0.0017   -0.0017    0         0         0         0         0         0       
  -0.0083   -0.00084  -0.0082    0.00042  -4.9e-05  -0.0013    0.11      0         8.7e-19   0         0         0         0         0         0       
  -0.006     0.00061  -0.0058    0.0024   -0.0017    0.0017    0         0.11      0         0         0         0         0         0         0       
   0.006    -0.00061   0.0058   -0.0024    0.0017   -0.0017    8.7e-19   0         0.11      0         0         0         0         0         0       
   0         0         0         0         0         0         0         0         0         1         0         0         0         0         0       
   0         0         0         0         0         0         0         0         0         0         1         0         0         0         0       
   0         0         0         0         0         0         0         0         0         0         0         1         0         0         0       
   0         0         0         0         0         0         0         0         0         0         0         0         0.1       0         0       
   0         0         0         0         0         0         0         0         0         0         0         0         0         0.1       0       
   0         0         0         0         0         0         0         0         0         0         0         0         0         0         0.1     

QLD
   0.24     -0.0071    0.99     -0.049     0.63      0.23     -0.078    -0.053     0.053     0         0         0         0         0         0       
  -0.0071    1.2      -0.13     -1.3      -0.11     -0.82     -0.0079    0.0053   -0.0053    0         0         0         0         0         0       
   0.99     -0.13      1.4      -0.035     0.62      0.23     -0.077    -0.051     0.051     0         0         0         0         0         0       
  -0.049    -1.3      -0.035     0.95      0.06      0.88      0.0039    0.021    -0.021     0         0         0         0         0         0       
   0.63     -0.11      0.62      0.06      0.14      0.00038  -0.00046  -0.015     0.015     0         0         0         0         0         0       
   0.23     -0.82      0.23      0.88      0.00038   0.15     -0.012     0.015    -0.015     0         0         0         0         0         0       
  -0.078    -0.0079   -0.077     0.0039   -0.00046  -0.012     0.11      0         7.5e-18   0         0         0         0         0         0       
  -0.053     0.0053   -0.051     0.021    -0.015     0.015     0         0.11      0         0         0         0         0         0         0       
   0.053    -0.0053    0.051    -0.021     0.015    -0.015     7.5e-18   0         0.11      0         0         0         0         0         0       
   0         0         0         0         0         0         0         0         0         1         0         0         0         0         0       
   0         0         0         0         0         0         0         0         0         0         1         0         0         0         0       
   0         0         0         0         0         0         0         0         0         0         0         1         0         0         0       
   0         0         0         0         0         0         0         0         0         0         0         0         0.1       0         0       
   0         0         0         0         0         0         0         0         0         0         0         0         0         0.1       0       
   0         0         0         0         0         0         0         0         0         0         0         0         0         0         0.1     

QLDIAGINV
   4.1     
   0.84    
   0.73    
   1       
   7.1     
   6.5     
   9.4     
   8.7     
   8.7     
   1       
   1       
   1       
   10      
   10      
   10      

QLDIAGSQRTINV
   2       
   0.91    
   0.85    
   1       
   2.7     
   2.6     
   3.1     
   2.9     
   2.9     
   1       
   1       
   1       
   3.2     
   3.2     
   3.2     

D_rownnz              9 9 9 9 9 9 9 8 8 6 6 6 6 6 6

D_rowadr              0 9 18 27 36 45 54 63 71 79 85 91 97 103 109

D_colind              0 1 2 3 4 5 6 7 8 0 1 2 3 4 5 6 7 8 0 1 2 3 4 5 6 7 8 0 1 2 3 4 5 6 7 8 0 1 2 3 4 5 6 7 8 0 1 2 3 4 5 6 7 8 0 1 2 3 4 5 6 7 8 0 1 2 3 4 5 6 7 0 1 2 3 4 5 6 8 9 10 11 12 13 14 9 10 11 12 13 14 9 10 11 12 13 14 9 10 11 12 13 14 9 10 11 12 13 14 9 10 11 12 13 14

B_rownnz              15 15 9 9 9 9 9 9 9 9 9 8 8 6

B_rowadr              0 15 30 39 48 57 66 75 84 93 102 111 119 127

B_colind              0 1 2 3 4 5 6 7 8 9 10 11 12 13 14 0 1 2 3 4 5 6 7 8 9 10 11 12 13 14 0 1 2 3 4 5 6 7 8 0 1 2 3 4 5 6 7 8 0 1 2 3 4 5 6 7 8 0 1 2 3 4 5 6 7 8 0 1 2 3 4 5 6 7 8 0 1 2 3 4 5 6 7 8 0 1 2 3 4 5 6 7 8 0 1 2 3 4 5 6 7 8 0 1 2 3 4 5 6 7 8 0 1 2 3 4 5 6 7 0 1 2 3 4 5 6 8 9 10 11 12 13 14

QDERIV
  -4.5e+02   0         0         0         0         0         0         0         0         0         0         0         0         0         0       
   0        -4.5e+02   0         0         0         0         0         0         0         0         0         0         0         0         0       
   0         0        -3.5e+02   0         0         0         0         0         0         0         0         0         0         0         0       
   0         0         0        -3.5e+02   0         0         0         0         0         0         0         0         0         0         0       
   0         0         0         0        -2e+02     0         0         0         0         0         0         0         0         0         0       
   0         0         0         0         0        -2e+02     0         0         0         0         0         0         0         0         0       
   0         0         0         0         0         0        -2e+02     0         0         0         0         0         0         0         0       
   0         0         0         0         0         0         0        -3.5       0         0         0         0         0         0         0       
   0         0         0         0         0         0         0         0        -3.5       0         0         0         0         0         0       
   0         0         0         0         0         0         0         0         0        -1         0         0         0         0         0       
   0         0         0         0         0         0         0         0         0         0        -1         0         0         0         0       
   0         0         0         0         0         0         0         0         0         0         0        -1         0         0         0       
   0         0         0         0         0         0         0         0         0         0         0         0        -1         0         0       
   0         0         0         0         0         0         0         0         0         0         0         0         0        -1         0       
   0         0         0         0         0         0         0         0         0         0         0         0         0         0        -1       

QLU
   0         0         0         0         0         0         0         0         0         0         0         0         0         0         0       
   0         0         0         0         0         0         0         0         0         0         0         0         0         0         0       
   0         0         0         0         0         0         0         0         0         0         0         0         0         0         0       
   0         0         0         0         0         0         0         0         0         0         0         0         0         0         0       
   0         0         0         0         0         0         0         0         0         0         0         0         0         0         0       
   0         0         0         0         0         0         0         0         0         0         0         0         0         0         0       
   0         0         0         0         0         0         0         0         0         0         0         0         0         0         0       
   0         0         0         0         0         0         0         0         0         0         0         0         0         0         0       
   0         0         0         0         0         0         0         0         0         0         0         0         0         0         0       
   0         0         0         0         0         0         0         0         0         0         0         0         0         0         0       
   0         0         0         0         0         0         0         0         0         0         0         0         0         0         0       
   0         0         0         0         0         0         0         0         0         0         0         0         0         0         0       
   0         0         0         0         0         0         0         0         0         0         0         0         0         0         0       
   0         0         0         0         0         0         0         0         0         0         0         0         0         0         0       
   0         0         0         0         0         0         0         0         0         0         0         0         0         0         0       

CONTACT
EFC_TYPE
  0
  3

EFC_ID
  0
  11

EFC_J
   0         0         0         0         0         0         0         1        -1         0         0         0         0         0         0       
   0         0         0         0         0         0         0         0         0         0         0         1         0         0         0       

EFC_POS
  -7.5e-07 
  -0.00037 

EFC_MARGIN
   0       
   0       

EFC_FRICTIONLOSS
   0       
   0       

EFC_DIAGAPPROX
   17      
   1       

EFC_KBIP
   4.1e+04   4e+02     0.95     -0.12    
   2.8e+03   1.1e+02   0.91     -73      

EFC_D
   1.1     
   11      

EFC_R
   0.92    
   0.095   

TEN_VELOCITY
  -1.9e-05 

ACTUATOR_VELOCITY
   5.9e-05 
   0.00033 
   7e-05   
  -0.0075  
   0.011   
  -8.7e-05 
  -4.1e-07 
  -1.9e-05 

CVEL
   0         0         0         0         0         0       
   0         0         0         0         0         0       
   0         0         0         0         0         0       
   0         0         5.9e-05   2.5e-06   1.2e-05   0       
   5.5e-05   0.00033   5.9e-05   6.5e-05   1.6e-06  -7e-05   
   6e-05     0.00033   0.00013   6.7e-05   1.5e-05  -7e-05   
   0.00042   0.0078    0.00019  -0.00083   6.5e-05  -0.00083 
   0.011     0.0073    0.00089  -0.0007    0.0024   -0.0012  
   0.011     0.0074    0.00087  -0.00072   0.0024   -0.0011  
   0.011     0.0074    0.00087  -0.00072   0.0024   -0.0011  
   0.011     0.0074    0.00087  -0.00072   0.0024   -0.0011  
   0.011     0.0074    0.00087  -0.00073   0.0024   -0.0011  
   0.011     0.0074    0.00087  -0.00071   0.0023   -0.0011  
   2.1e-17  -2e-17     4.4e-18  -2.1e-17  -1.6e-16   3.8e-18 

CDOF_DOT
   0         0         0         0         0         0       
  -5.8e-05   9.8e-06   0         1.9e-06   1.1e-05   4.4e-07 
   0.00033  -5.1e-05  -2.4e-05  -1.1e-05  -6.7e-05  -3.4e-06 
   0.00013  -5.7e-06  -4.5e-05  -3.5e-05   1.3e-05  -0.00011 
   0.0005    0.00017  -0.0078   -0.0003   -0.00076  -3e-05   
   0.0023   -0.0023   -0.011    -0.0026    0.0035   -0.0016  
  -0.007     0.011    -0.0036   -0.0034   -1.1e-06   0.0039  
   0         0         0         0.0026   -0.0025   -0.013   
   0         0         0        -0.0026    0.0025    0.013   
   0         0         0         0         0         0       
   0         0         0         0         0         0       
   0         0         0         0         0         0       
   0         0        -0         3e-17    -5e-18     1.5e-16 
  -0         0         0         1.3e-16  -1.3e-17  -1.7e-17 
   0         0         0        -7.8e-17   7.9e-18   3e-17   

QFRC_BIAS
  -2.5e-06 
  -31      
   0.29    
   22      
   0.39    
   2.5     
   0.00086 
   0.039   
  -0.039   
  -5.1e-49 
  -5.3e-51 
   9.8     
   8.9e-16 
   0       
   0       

QFRC_SPRING
   0       
   0       
   0       
   0       
   0       
   0       
   0       
   0       
   0       
   0       
   0       
   0       
   0       
   0       
   0       

QFRC_DAMPER
  -5.9e-05 
  -0.00033 
  -7e-05   
   0.0075  
  -0.011   
   8.7e-05 
   4.1e-07 
   1.2e-05 
   2.6e-05 
   1.6e-17 
   1.5e-16 
   1.8e-18 
  -2.3e-17 
   1.6e-17 
   8.2e-18 

QFRC_GRAVCOMP
   0       
   0       
   0       
   0       
   0       
   0       
   0       
   0       
   0       
   0       
   0       
   0       
   0       
   0       
   0       

QFRC_FLUID
   0       
   0       
   0       
   0       
   0       
   0       
   0       
   0       
   0       
   0       
   0       
   0       
   0       
   0       
   0       

QFRC_PASSIVE
  -5.9e-05 
  -0.00033 
  -7e-05   
   0.0075  
  -0.011   
   8.7e-05 
   4.1e-07 
   1.2e-05 
   2.6e-05 
   1.6e-17 
   1.5e-16 
   1.8e-18 
  -2.3e-17 
   1.6e-17 
   8.2e-18 

EFC_VEL
   1.4e-05 
  -1.8e-18 

EFC_AREF
   0.023   
   0.93    

SUBTREE_LINVEL
   0         0         0       
   0         0         0       
   0         0         0       
   0         0         0       
   0         0         0       
   0         0         0       
   0         0         0       
   0         0         0       
   0         0         0       
   0         0         0       
   0         0         0       
   0         0         0       
   0         0         0       
   0         0         0       

SUBTREE_ANGMOM
   0         0         0       
   0         0         0       
   0         0         0       
   0         0         0       
   0         0         0       
   0         0         0       
   0         0         0       
   0         0         0       
   0         0         0       
   0         0         0       
   0         0         0       
   0         0         0       
   0         0         0       
   0         0         0       

ACTUATOR_FORCE
  -0.018   
  -31      
   0.27    
   22      
   0.34    
   2.5     
   0.0009  
   0.00028 

QFRC_ACTUATOR
  -0.018   
  -31      
   0.27    
   22      
   0.34    
   2.5     
   0.0009  
   0.00014 
   0.00014 
   0       
   0       
   0       
   0       
   0       
   0       

QFRC_SMOOTH
  -0.018   
  -0.03    
  -0.017   
   0.092   
  -0.06    
   0.006   
   3.8e-05 
  -0.039   
   0.039   
   1.6e-17 
   1.5e-16 
  -9.8     
  -9.1e-16 
   1.6e-17 
   8.2e-18 

QACC_SMOOTH
   0.0066  
   0.077   
   0.017   
   0.2     
  -0.45    
  -0.071   
   0.00095 
  -0.35    
   0.35    
   1.6e-17 
   1.5e-16 
  -9.8     
  -9.1e-15 
   1.6e-16 
   8.2e-17 

EFC_B
  -0.72    
  -11      

EFC_FORCE
   0.039   
   9.8     

EFC_STATE
  1
  1

QFRC_CONSTRAINT
   0       
   0       
   0       
   0       
   0       
   0       
   0       
   0.039   
  -0.039   
   0       
   0       
   9.8     
   0       
   0       
   0       

QFRC_INVERSE
   0       
   0       
   0       
   0       
   0       
   0       
   0       
   0       
   0       
   0       
   0       
   0       
   0       
   0       
   0       

CACC
   0         0         0         0         0         0       
   0         0         0         0         0         0       
   0         0         0         0         0         0       
   0         0         0         0         0         0       
   0         0         0         0         0         0       
   0         0         0         0         0         0       
   0         0         0         0         0         0       
   0         0         0         0         0         0       
   0         0         0         0         0         0       
   0         0         0         0         0         0       
   0         0         0         0         0         0       
   0         0         0         0         0         0       
   0         0         0         0         0         0       
   0         0         0         0         0         0       

CFRC_INT
   0         0         0         0         0         0       
   0         0         0         0         0         0       
   0         0         0         0         0         0       
   0         0         0         0         0         0       
   0         0         0         0         0         0       
   0         0         0         0         0         0       
   0         0         0         0         0         0       
   0         0         0         0         0         0       
   0         0         0         0         0         0       
   0         0         0         0         0         0       
   0         0         0         0         0         0       
   0         0         0         0         0         0       
   0         0         0         0         0         0       
   0         0         0         0         0         0       

CFRC_EXT
   0         0         0         0         0         0       
   0         0         0         0         0         0       
   0         0         0         0         0         0       
   0         0         0         0         0         0       
   0         0         0         0         0         0       
   0         0         0         0         0         0       
   0         0         0         0         0         0       
   0         0         0         0         0         0       
   0         0         0         0         0         0       
   0         0         0         0         0         0       
   0         0         0         0         0         0       
   0         0         0         0         0         0       
   0         0         0         0         0         0       
   0         0         0         0         0         0       

TENDON_EFCADR         -1

